VoronoiCraters
				{
					colorOpacity = 0.7
					DebugColorMapping = False
					deformation = 555
					jitter = 0.1
					jitterHeight = 2
					rFactor = 1
					rOffset = 1.1
					simplexFrequency = 6
					simplexOctaves = 3
					simplexPersistence = 0.5
					simplexSeed = 123123
					voronoiDisplacement = 0
					voronoiFrequency = 210
					voronoiSeed = 456
					order = 100001
					enabled = True
					name = AdventureCraters
					CraterCurve
					{
						key = -0.9963056 -0.7950293 -0.1902251 -0.1902251
						key = -0.9520697 -0.8223228 -0.6806358 -0.6806358
						key = -0.7445966 -0.8581167 0.4436148 0.4436148
						key = -0.4499771 -0.1392395 5.289535 5.289535
						key = -0.4015177 0.2551735 9.069458 -2.149609
						key = -0.2297457 0.08363447 -0.4453675 -0.4453675
						key = 0.2817185 0.01192154 0.01421198 0.01421198
						key = 1.000876 0.001117015 0.01397126 0.01397126
					}
					JitterCurve
					{
						key = -1.000701 0.4278412 0.1577609 0.1577609
						key = -0.7884969 0.09487452 -0.7739663 -0.7739663
						key = -0.6091803 0.072019 0.123537 0.123537
						key = -0.3930514 0.3903495 3.300831 3.300831
						key = -0.3141366 0.9276265 0 0
						key = -0.2586833 0.002564805 -0.01814346 -0.01814346
						key = 0.9970253 0.003401639 0 0
					}
				}
				VoronoiCraters
				{
					colorOpacity = 0.7
					DebugColorMapping = False
					deformation = 277
					jitter = 0.1
					jitterHeight = 2
					rFactor = 1
					rOffset = 1.1
					simplexFrequency = 6
					simplexOctaves = 3
					simplexPersistence = 0.5
					simplexSeed = 123123
					voronoiDisplacement = 0
					voronoiFrequency = 345
					voronoiSeed = 456
					order = 100001
					enabled = True
					name = AdventureCraters2
					CraterCurve
					{
						key = -0.9963056 -0.7950293 -0.1902251 -0.1902251
						key = -0.9520697 -0.8223228 -0.6806358 -0.6806358
						key = -0.7445966 -0.8581167 0.4436148 0.4436148
						key = -0.4499771 -0.1392395 5.289535 5.289535
						key = -0.4015177 0.2551735 9.069458 -2.149609
						key = -0.2297457 0.08363447 -0.4453675 -0.4453675
						key = 0.2817185 0.01192154 0.01421198 0.01421198
						key = 1.000876 0.001117015 0.01397126 0.01397126
					}
					JitterCurve
					{
						key = -1.000701 0.4278412 0.1577609 0.1577609
						key = -0.7884969 0.09487452 -0.7739663 -0.7739663
						key = -0.6091803 0.072019 0.123537 0.123537
						key = -0.3930514 0.3903495 3.300831 3.300831
						key = -0.3141366 0.9276265 0 0
						key = -0.2586833 0.002564805 -0.01814346 -0.01814346
						key = 0.9970253 0.003401639 0 0
					}
				}