Scatterer_ocean
{
	Ocean
	{
		name = Imterril
		m_whiteCapStr = 0.400000006
		shoreFoam = 1
		m_farWhiteCapStr = 0.400000006
		AMP = 10.1999998
		m_windSpeed = 5
		m_omega = 0.439999998
		maxWaveInteractionShipAltitude = 500
		m_oceanUpwellingColor = 0.00999999978,0.075000003,0.0799999982
		m_UnderwaterColor = 0.100000001,0.75,0.800000012
		m_resolution = 1
		offScreenVertexStretch = 1.25
		alphaRadius = 1000
		transparencyDepth = 100
		darknessDepth = 800
		refractionIndex = 1.33000004
		skyReflectionStrength = 1
		causticsTexturePath = scatterer/config/Planets/Caustics.png
		causticsLayer1Scale = 0.200000003,0.200000003
		causticsLayer1Speed = 0.0612000003,-0.151199996
		causticsLayer2Scale = 0.277099997,0.267100006
		causticsLayer2Speed = -0.0748699978,0.174869999
		causticsMultiply = 1
		causticsUnderwaterLightBoost = 2
		causticsMinBrightness = 0.5
		causticsBlurDepth = 200
		lightRaysStrength = 1
	}
}
