Scatterer_ocean
{
	Ocean
	{
		name = Lowel
		m_whiteCapStr = 0.469999999
		shoreFoam = 1
		m_farWhiteCapStr = 0.469999999
		AMP = 2.20000005
		m_windSpeed = 10.5
		m_omega = 1.20000005
		maxWaveInteractionShipAltitude = 500
		m_oceanUpwellingColor = 0.00999999978,0.075000003,0.0799999982
		m_UnderwaterColor = 0.200000003,0.649999976,0.800000012
		m_resolution = 4
		offScreenVertexStretch = 1.25
		alphaRadius = 1000
		transparencyDepth = 50
		darknessDepth = 800
		refractionIndex = 1.33000004
		skyReflectionStrength = 0
		causticsTexturePath = scatterer/config/Planets/Caustics.png
		causticsLayer1Scale = 0.200000003,0.200000003
		causticsLayer1Speed = 0.0612000003,-0.151199996
		causticsLayer2Scale = 0.277099997,0.267100006
		causticsLayer2Speed = -0.0748699978,0.174869999
		causticsMultiply = 1
		causticsUnderwaterLightBoost = 2
		causticsMinBrightness = 0.5
		causticsBlurDepth = 200
		lightRaysStrength = 1
	}
}
