Scatterer_atmosphere
{
	Atmo
	{
		name = Oshan
		Rg = 258200
		Rt = 261853.688
		RL = 261914.688
		HR = 10
		HM = 1.20000005
		BETA_MSca = 0.00400000019,0.00400000019,0.00400000019
		m_betaR = 0.00579999993,0.0135000004,0.0331000015
		m_mieG = 0.779999971
		assetPath = scatterer/config/Planets/Kerbin/Atmo
		experimentalAtmoScale = 3
		atmosphereGlobalScale = 1
		godrayStrength = 0.800000012
		flattenScaledSpaceMesh = 0
		rimBlend = 20
		rimpower = 600
		specR = 2
		specG = 2
		specB = 2
		shininess = 75
		cloudColorMultiplier = 3
		cloudScatteringMultiplier = 0.200000003
		cloudSkyIrradianceMultiplier = 0.0500000007
		volumetricsColorMultiplier = 1
		EVEIntegration_preserveCloudColors = False
		configPoints
		{
			Item
			{
				altitude = 200
				skyExposure = 0.0199999996
				skyAlpha = 1
				skyExtinctionTint = 0
				scatteringExposure = 0.00800000038
				extinctionThickness = 0.200000003
				postProcessAlpha = 1
				postProcessDepth = 0.0799999982
				extinctionTint = 0.00100000005
				openglThreshold = 10
				viewdirOffset = 0.0120000001
			}
			Item
			{
				altitude = 1000
				skyExposure = 0.0199999996
				skyAlpha = 1
				skyExtinctionTint = 0
				scatteringExposure = 0.00800000038
				extinctionThickness = 0.400000006
				postProcessAlpha = 1
				postProcessDepth = 0.100000001
				extinctionTint = 0.00100000005
				openglThreshold = 10
				viewdirOffset = 0
			}
			Item
			{
				altitude = 250000
				skyExposure = 0.0199999996
				skyAlpha = 1
				skyExtinctionTint = 0
				scatteringExposure = 0.00800000038
				extinctionThickness = 0.400000006
				postProcessAlpha = 1
				postProcessDepth = 0.100000001
				extinctionTint = 0.00100000005
				openglThreshold = 10
				viewdirOffset = 0
			}
		}
	}
}
